_ 0
- 1
! 2
' 3
( 4
) 5
, 6
. 7
: 8
; 9
? 10
  11
A 12
B 13
C 14
D 15
E 16
F 17
G 18
H 19
I 20
J 21
K 22
L 23
M 24
N 25
O 26
P 27
Q 28
R 29
S 30
T 31
U 32
V 33
W 34
X 35
Y 36
Z 37
a 38
b 39
c 40
d 41
e 42
f 43
g 44
h 45
i 46
j 47
k 48
l 49
m 50
n 51
o 52
p 53
q 54
r 55
s 56
t 57
u 58
v 59
w 60
x 61
y 62
z 63
ɑ 64
ɑ 65
ɑ 66
ɑ 67
æ 68
æ 69
æ 70
æ 71
ʌ 72
ə 73
ʌ 74
ʌ 75
ɔ 76
ɔ 77
ɔ 78
ɔ 79
a 80
a 81
a 82
a 83
a 84
a 85
a 86
a 87
b 88
ʃ 89
d 90
ð 91
ɛ 92
ɛ 93
ɛ 94
ɛ 95
ɝ 96
ɚ 97
ɝ 98
ɝ 99
e 100
e 101
e 102
e 103
f 104
ɡ 105
h 106
ɪ 107
ɪ 108
ɪ 109
ɪ 110
i 111
i 112
i 113
i 114
ʒ 115
k 116
l 117
m 118
n 119
ŋ 120
o 121
o 122
o 123
o 124
ɔ 125
ɔ 126
ɔ 127
ɔ 128
p 129
ɹ 130
s 131
ʃ 132
t 133
θ 134
ʊ 135
ʊ 136
ʊ 137
ʊ 138
u 139
u 140
u 141
u 142
v 143
w 144
j 145
z 146
ʒ 147
  148
  149
  150
  151
  152
  153
  154
  155
  156
  157
  158
  159
  160
  161
  162
  163
  164
  165
  166
  167
  168
  169
  170
  171
  172
  173
  174
  175
  176
  177
  178
  179
  180
  181
  182
  183
  184
  185
  186
  187
  188
  189
  190
  191
  192
  193
  194
  195
  196
  197
  198
  199
  200
  201
  202
  203
  204
  205
  206
  207
  208
  209
  210
  211
  212
  213
  214
  215
  216
  217
  218
  219
  220
  221
  222
  223
  224
  225
  226
  227
  228
  229
  230
  231
  232
  233
  234
  235
  236
  237
  238
  239
  240
  241
  242
  243
  244
  245
  246
  247
  248
  249
  250
  251
  252
  253
  254
  255
  256
  257
  258
  259
  260
  261
  262
  263
  264
  265
  266
  267
  268
  269
  270
  271
  272
  273
  274
  275
  276
  277
  278
  279
  280
  281
  282
  283
  284
  285
  286
  287
  288
  289
  290
  291
  292
  293
  294
  295
  296
  297
  298
  299
  300
  301
  302
  303
  304
  305
  306
  307
  308
  309
  310
  311
  312
  313
  314
  315
  316
  317
  318
  319
  320
  321
  322
  323
  324
  325
  326
  327
  328
  329
  330
  331
  332
  333
  334
  335
  336
  337
  338
  339
  340
  341
  342
  343
  344
  345
  346
  347
  348
  349
  350
  351
  352
  353
  354
  355
  356
  357
  358
  359